[[[ 0  0  0]
  [ 0  0  0]
  [ 0  0  0]
  ...
  [ 0  0  0]
  [ 0  0  0]
  [ 0  0  0]]

 [[ 1  1  1]
  [ 2  2  2]
  [ 4  4  4]
  ...
  [35 35 35]
  [16 16 16]
  [13 13 13]]

 [[22 22 22]
  [30 30 30]
  [64 64 64]
  ...
  [99 99 99]
  [68 68 68]
  [31 31 31]]

 ...

 [[ 0  0  0]
  [ 0  0  0]
  [ 0  0  0]
  ...
  [ 0  0  0]
  [ 0  0  0]
  [ 0  0  0]]

 [[ 0  0  0]
  [ 0  0  0]
  [ 0  0  0]
  ...
  [ 0  0  0]
  [ 0  0  0]
  [ 0  0  0]]

 [[ 0  0  0]
  [ 0  0  0]
  [ 0  0  0]
  ...
  [ 0  0  0]
  [ 0  0  0]
  [ 0  0  0]]]